CACHE type 5 produced by analog 6.0/Unix. Do not modify or delete!
T	0	0	1488	118	15	299	20015752
D	22748920	22762762
15797	248	1	1	348
15797	249	1	1	348
15797	268	1	1	344
15797	286	1	1	344
15798	57	1	1	344
15798	61	2	2	692
15798	77	1	1	344
15798	82	1	1	344
15798	108	1	1	344
15798	124	2	2	688
15798	138	1	1	344
15798	154	1	1	384
15798	165	2	2	1436
15798	166	4	4	2872
15798	168	11	1	292426
15798	170	46	2	854976
15798	171	4	4	1746
15798	172	108	2	1706304
15798	173	139	1	79300
15798	174	34	0	19721
15798	176	34	0	18729
15798	177	265	2	986851
15798	178	41	1	864563
15798	180	8	0	4850
15798	181	31	0	16430
15798	182	18	0	10714
15798	183	26	0	13944
15798	185	30	1	905235
15798	186	2	0	5317
15798	187	13	0	7401
15798	188	26	0	13944
15798	191	26	0	13879
15798	192	18	0	43619
15798	195	34	2	847169
15798	196	27	3	1566448
15798	202	8	1	4794
15798	208	25	1	868583
15798	209	8	1	4794
15798	211	9	1	777907
15798	213	1	0	4850
15798	214	3	0	6358
15798	215	18	1	786564
15798	216	50	8	1686904
15798	217	44	2	1680325
15798	218	1	0	3309
15798	220	19	1	841939
15798	230	11	1	13887
15798	252	19	1	62465
15798	253	5	0	14582
15798	255	1	1	4850
15798	258	1	0	4794
15799	5	2	1	8023
15799	8	2	1	8023
15799	71	1	1	4794
15799	77	1	1	4850
15799	98	1	1	4794
15799	102	18	0	8820
15799	103	34	0	20414
15799	147	14	1	839108
15799	148	9	0	25685
15799	149	1	0	0
15799	154	5	0	18729
15799	176	8	1	4794
15799	177	14	0	27982
15799	204	11	1	881707
15799	211	4	4	19288
15799	236	24	1	47693
15799	262	1	1	4850
15799	264	2	2	9588
15800	120	4	4	19288
15800	201	2	2	9644
15800	260	1	1	4850
15801	0	2	1	9588
15801	1	1	0	2892
15801	6	1	0	3129
15801	8	1	0	2442
15801	10	1	0	3314
15801	12	1	0	2637
15801	14	1	0	3131
15801	16	1	0	2826
15801	18	1	0	2212
15801	20	1	0	2904
15801	22	1	0	2988
15801	24	1	0	2128
15801	184	4	4	19288
15801	211	1	1	4794
15801	254	2	2	4794
15802	33	2	2	9588
15802	148	1	1	4794
15802	254	8	1	775300
15802	272	24	0	73798
15802	273	9	0	12719
15803	43	1	1	4794
15803	156	1	1	4850
15803	186	17	1	834311
15803	187	12	0	13002
15803	216	9	1	29527
15804	0	1	1	4794
15804	230	1	1	4794
15804	280	4	4	19288
15805	84	4	4	19288
15805	145	1	0	116937
15805	148	1	1	4794
15805	184	17	1	783071
15806	135	4	4	19288
15806	160	1	1	4794
15807	0	1	1	4794
15807	79	1	0	117139
15807	94	1	1	4794
15807	95	1	1	4850
15807	111	1	0	12632
15807	122	1	0	35324
15807	136	1	1	4850
1	1	0	0	0	22749974	0	0	22749974	0	0	30675	/public/assets/img/bestbuy.jpg?1364933468
1	30	0	0	0	22757254	0	0	22749982	0	0	131733	/assets/img/amazon.png?1364934148
1	3	3	0	0	22749979	0	0	22749974	0	0	5918	/public/
1	0	0	0	1	0	0	22760890	0	0	22760890	0	/wordpress/wp-admin/
1	1	0	0	0	22749960	0	0	22749960	0	0	58	/docs/assets/img/clear.gif
1	0	0	1	0	0	22753580	0	0	22753580	0	0	/item/delete/6
1	0	0	1	0	0	22750206	0	0	22750206	0	0	/item/delete/5
1	0	0	1	0	0	22750385	0	0	22750385	0	0	/item/delete/4
1	0	0	1	0	0	22750206	0	0	22750206	0	0	/item/delete/3
1	2	0	0	0	22749974	0	0	22749974	0	0	5126	/public/contact
1	0	0	1	0	0	22750206	0	0	22750206	0	0	/item/delete/2
1	0	0	1	0	0	22753570	0	0	22753570	0	0	/item/delete/1
1	191	0	0	0	22760124	0	0	22749982	0	0	2177890	/assets/css/bootstrap.css?1364934148
1	1	0	0	0	22749974	0	0	22749974	0	0	9261	/public/assets/img/amazon.png?1364933465
1	0	0	0	215	0	0	22760124	0	0	22748920	0	/favicon.ico
1	0	0	0	19	0	0	22762762	0	0	22750919	0	/robots.txt
1	6	0	0	0	22749974	0	0	22749974	0	0	8567	/public/assets/img/logo.png?1364933477
1	0	0	0	2	0	0	22754362	0	0	22750945	0	/robots.txt?208.80.194.150
1	36	0	0	4	22757400	0	22750197	22749982	0	22750007	94842	/users/register
1	0	0	0	8	0	0	22751588	0	0	22749661	0	/apple-touch-icon.png
1	12	0	6	0	22757400	22750207	0	22750006	22750007	0	34841	/item/create
1	1	0	0	0	22749960	0	0	22749960	0	0	1174	/docs/assets/img/handle.png
1	30	0	0	0	22757254	0	0	22749982	0	0	466422	/assets/img/bestbuy.jpg?1364934148
1	1	0	0	0	22749960	0	0	22749960	0	0	11332	/docs/assets/img/header-bg.jpg
1	1	0	0	0	22749974	0	0	22749974	0	0	389152	/public/assets/img/1.jpg?1364933468
1	1	0	0	0	22749960	0	0	22749960	0	0	996	/docs/assets/img/h-split.png
1	29	0	0	0	22762636	0	0	22749982	0	0	196634	/assets/img/rcwilley.jpg?1364934148
1	0	0	0	8	0	0	22751588	0	0	22749661	0	/apple-touch-icon-precomposed.png
1	74	0	0	0	22760124	0	0	22749982	0	0	8172192	/assets/img/1.jpg?1364934148
1	1	1	0	0	22749508	0	0	22749508	0	0	344	/?50.8.122.31
1	9	0	0	0	22749974	0	0	22749974	0	0	98995	/public/assets/css/bootstrap.css?1364933445
1	1	0	0	0	22749974	0	0	22749974	0	0	3468	/public/partners
1	39	0	0	0	22760124	0	0	22749982	0	0	96250	/contact
1	0	0	0	1	0	0	22760890	0	0	22760890	0	/blog/wp-admin/
1	75	0	0	0	22762475	0	0	22749982	0	0	2577058	/assets/img/3.gif?1364934148
1	6	0	0	0	22749974	0	0	22749974	0	0	35324	/public/assets/img/ribbonlogo.png?1364933481
1	1	0	0	0	22749974	0	0	22749974	0	0	3263	/public/users/register
1	147	0	0	0	22760124	0	0	22749982	0	0	179907	/assets/img/logo.png?1364934148
1	42	0	0	0	22760124	0	0	22749983	0	0	132518	/about
1	1	0	0	0	22749960	0	0	22749960	0	0	18592	/docs/assets/css/combined.css
1	1	0	0	0	22749960	0	0	22749960	0	0	997	/docs/assets/img/v-split.png
1	1	0	0	0	22749960	0	0	22749960	0	0	99678	/docs/favicon.ico
1	0	0	0	4	0	0	22749975	0	0	22749974	0	/public/item
1	1	0	0	0	22749974	0	0	22749974	0	0	117139	/public/assets/img/3.gif?1364933452
1	9	0	0	0	22749974	0	0	22749974	0	0	4392	/public/assets/css/style.css?1364933446
1	50	0	0	22	22760124	0	22750002	22750005	0	22749982	142315	/item
1	1	1	0	0	22761444	0	0	22761444	0	0	4794	/?hg=0
1	1	0	0	0	22749960	0	0	22749960	0	0	131167	/docs/assets/js/combined.js
1	0	0	0	5	0	0	22761318	0	0	22752600	0	/robots.txt?75.169.209.7
1	1	0	0	0	22749974	0	0	22749974	0	0	12632	/public/assets/img/rcwilley.jpg?1364933478
1	2	0	0	0	22749980	0	0	22749974	0	0	5433	/public/welcome
1	31	0	0	2	22757400	0	22749988	22749982	0	22749988	84859	/users/login
1	1	0	0	0	22753551	0	0	22753551	0	0	2988	/item/edit/6
1	112	112	0	0	22762762	0	0	22748920	0	0	439506	/
1	1	0	0	0	22753541	0	0	22753541	0	0	2904	/item/edit/1
1	0	0	0	5	0	0	22749961	0	0	22748920	0	/cgi-bin/
1	1	0	0	0	22753531	0	0	22753531	0	0	2212	/item/view/6
1	73	0	0	0	22757400	0	0	22749982	0	0	353042	/welcome
1	0	0	0	1	0	0	22757058	0	0	22757058	0	/wp-admin/?75.169.209.7
1	2	0	0	0	22753561	0	0	22750008	0	0	4308	/item/view/1
1	0	0	0	1	0	0	22749021	0	0	22749021	0	/public
1	75	0	0	0	22760124	0	0	22749982	0	0	2572614	/assets/img/2.gif?1364934148
1	191	0	0	0	22760124	0	0	22749982	0	0	96624	/assets/css/style.css?1364934148
1	1	1	0	0	22749960	0	0	22749960	0	0	3646	/docs/
1	148	0	0	0	22762690	0	0	22749982	0	0	777128	/assets/img/ribbonlogo.png?1364934148
1	37	0	0	0	22757400	0	0	22749982	0	0	123850	/partners
1	0	0	3	0	0	22750191	0	0	22749812	0	0	/cpanel
1	1	0	0	0	22749974	0	0	22749974	0	0	116937	/public/assets/img/2.gif?1364933454
1	1	0	0	0	22749974	0	0	22749974	0	0	2769	/public/users/login
1	1	0	0	0	22749960	0	0	22749960	0	0	5526	/docs/assets/img/fuel.png
1	0	0	0	1	0	0	22760890	0	0	22760890	0	/wp-admin/
1	1	0	0	0	22749960	0	0	22749960	0	0	19260	/docs/assets/fonts/DroidSans-Bold-webfont.woff
1	2	0	0	0	22749974	0	0	22749974	0	0	6500	/public/about
3	16	0	6	0	22750207	22750207	0	22750006	22750007	0	29133	http://www.proveyouownit.com/item/create
3	3	0	0	0	22749974	0	0	22749974	0	0	3250	http://www.proveyouownit.com/public/welcome
3	22	0	0	0	22757255	0	0	22750009	0	0	33595	http://proveyouownit.com/welcome
3	29	0	0	0	22757255	0	0	22750008	0	0	56319	http://proveyouownit.com/about
3	135	9	0	4	22760124	0	22749982	22749960	0	22748920	7687297	http://www.proveyouownit.com/
3	125	0	0	2	22751332	0	22749984	22749982	0	22749984	428861	http://www.proveyouownit.com/partners
3	22	0	1	0	22756244	22750385	0	22750008	22750385	0	45369	http://proveyouownit.com/item
3	1	1	0	0	22748920	0	0	22748920	0	0	348	http://us-mg5.mail.yahoo.com/neo/launch?.rand=6m5je7dp71bgf
3	336	0	0	16	22751445	0	22750002	22749982	0	22749985	152419	http://www.proveyouownit.com/welcome
3	8	0	0	0	22749974	0	0	22749974	0	0	7717	http://www.proveyouownit.com/public/contact
3	7	0	0	0	22749960	0	0	22749960	0	0	39343	http://www.proveyouownit.com/docs/assets/css/combined.css
3	1	1	0	0	22749112	0	0	22749112	0	0	344	http://evuln.com/tools/malware-scanner/proveyouownit.com/
3	22	0	0	0	22757255	0	0	22750009	0	0	47690	http://proveyouownit.com/contact
3	5	0	0	0	22750008	0	0	22750008	0	0	4850	http://www.proveyouownit.com/item/view/1
3	5	0	0	0	22749974	0	0	22749974	0	0	3263	http://www.proveyouownit.com/public/users/login
3	18	0	0	0	22757255	0	0	22750048	0	0	38463	http://proveyouownit.com/users/login
3	47	0	0	4	22751330	0	22750197	22749982	0	22750007	44170	http://www.proveyouownit.com/users/register
3	8	0	0	2	22749974	0	22749974	22749974	0	22749974	773756	http://www.proveyouownit.com/public/
3	8	0	0	0	22749974	0	0	22749974	0	0	55131	http://www.proveyouownit.com/public/partners
3	78	0	0	0	22760124	0	0	22749982	0	0	92560	http://www.proveyouownit.com/contact
3	11	0	0	0	22756245	0	0	22750048	0	0	20724	http://proveyouownit.com/users/register
3	63	0	0	2	22751304	0	22749988	22749982	0	22749988	63570	http://www.proveyouownit.com/users/login
3	8	0	0	0	22749974	0	0	22749974	0	0	6031	http://www.proveyouownit.com/public/about
3	2	0	0	0	22749960	0	0	22749960	0	0	149759	http://www.proveyouownit.com/docs/
3	83	0	3	0	22760124	22750206	0	22750005	22750206	0	202431	http://www.proveyouownit.com/item
3	1	1	0	0	22750224	0	0	22750224	0	0	4850	http://us-mg5.mail.yahoo.com/neo/launch?.rand=91gfsbovio52j
3	146	0	0	2	22757253	0	22749812	22750007	0	22749021	8515346	http://proveyouownit.com/
3	61	0	0	0	22757255	0	0	22750009	0	0	455642	http://proveyouownit.com/partners
3	4	0	0	2	22749974	0	22749975	22749974	0	22749975	0	http://www.proveyouownit.com/public/users/register
3	70	0	0	2	22760124	0	22749983	22749983	0	22749983	62791	http://www.proveyouownit.com/about
3	1	0	0	0	22750204	0	0	22750204	0	0	3131	http://proveyouownit.com/item/create
4	42	3	0	3	22750168	0	22750168	22750097	0	22750098	851963	Mozilla/5.0 (Windows NT 6.2; WOW64; rv:19.0) Gecko/20100101 Firefox/19.0
4	826	18	2	36	22760124	22750007	22760124	22749948	22749961	22749948	4000062	Mozilla/5.0 (Windows NT 5.1; rv:16.0) Gecko/20100101 Firefox/16.0
4	1	1	0	0	22756537	0	0	22756537	0	0	4794	Mozilla/5.0 (Macintosh; U; Intel Mac OS X 10.5; en-US; rv:1.9.2.13) Gecko/20101203 Firefox/3.6.13 GTB7.1
4	1	1	0	0	22749533	0	0	22749533	0	0	344	Mozilla/4.0 (compatible; MSIE 6.0; Windows NT 5.1; SV1; .NET CLR 1.1.4322; .NET CLR 2.0.50728)
4	9	1	0	1	22757400	0	22757400	22757400	0	22757400	29527	Mozilla/5.0 (X11; Ubuntu; Linux i686; rv:14.0; ips-agent) Gecko/20100101 Firefox/14.0.1
4	4	2	0	0	22750601	0	0	22750585	0	0	16046	Mozilla/5.0 (Macintosh; Intel Mac OS X 10.6; rv:2.0.1) Gecko/20100101 Firefox/4.0.1
4	1	1	0	1	22762762	0	22762762	22762762	0	22762762	4850	Mozilla/4.0 (compatible; http://search.thunderstone.com/texis/websearch/about.html)
4	0	0	0	1	0	0	22757058	0	0	22757058	0	Mozilla/5.0 (Windows NT 6.2; Win64; x64; rv:16.0.1) Gecko/20121011 Firefox/16.0.1
4	34	1	0	21	22751445	0	22751445	22751299	0	22751299	886695	Mozilla/5.0 (Windows NT 6.2; WOW64) AppleWebKit/537.22 (KHTML, like Gecko) Chrome/25.0.1364.160 Safari/537.22
4	2	2	0	0	22755048	0	0	22755047	0	0	9588	Mozilla/5.0 (Windows; U; Windows NT 5.1; en-US; rv:1.9.1.8) Gecko/20100202 Firefox/3.5.8 ( .NET CLR 3.5.30729)
4	1	1	0	1	22761444	0	22761442	22761444	0	22761442	4794	Mozilla/5.0 (compatible; bingbot/2.0; +http://www.bing.com/bingbot.htm)
4	18	6	2	5	22762083	22753580	22762083	22749890	22753570	22753443	59751	Mozilla/5.0 (compatible; Googlebot/2.1; +http://www.google.com/bot.html)
4	1	1	0	0	22757102	0	0	22757102	0	0	4850	Mozilla/4.0 (compatible; Win32; WinHttp.WinHttpRequest.5)
4	27	2	0	11	22750274	0	22750276	22750197	0	22750197	858999	Mozilla/5.0 (X11; Linux x86_64) AppleWebKit/537.22 (KHTML, like Gecko) Chrome/25.0.1364.172 Safari/537.22
4	2	2	0	0	22754712	0	0	22754712	0	0	4794	Opera/9.64 (Windows NT 5.1; U; en) Presto/2.1.1
4	0	0	0	1	0	0	22760890	0	0	22760890	0	Mozilla/5.0 (Windows NT 6.1; rv:15.0) Gecko/20120716 Firefox/15.0a2
4	0	0	0	2	0	0	22750209	0	0	22750209	0	Mozilla/5.0 (compatible; MSIE 10.0; Windows NT 6.1; Win64; x64; Trident/6.0)
4	4	0	0	0	22762690	0	0	22759929	0	0	282032	Googlebot-Image/1.0
4	1	1	0	1	22749112	0	22749112	22749112	0	22749112	344	Lynx/2.8.5rel.1 libwww-FM/2.15FC SSL-MM/1.4.1c OpenSSL/0.9.7e-dev
4	2	2	0	0	22749428	0	0	22749428	0	0	692	Mozilla/4.0 (compatible; MSIE 7.0; Windows NT 5.1)
4	0	0	0	1	0	0	22760890	0	0	22760890	0	Mozilla/5.0 (Windows NT 6.2; WOW64) AppleWebKit/537.15 (KHTML, like Gecko) Chrome/24.0.1295.0 Safari/537.15
4	8	1	0	1	22750102	0	22750102	22750102	0	22750102	775300	Mozilla/4.0 (compatible; MSIE 8.0; Windows NT 6.1; WOW64; Trident/4.0; SLCC2; .NET CLR 2.0.50727; .NET CLR 3.5.30729; .NET CLR 3.0.30729; Media Center PC 6.0; .NET4.0C; InfoPath.3; MS-RTC LM 8)
4	1	1	0	0	22749406	0	0	22749406	0	0	344	Mozilla/5.0 (Windows NT 5.1) Gecko/20100101 Firefox/9.0.1
4	41	1	0	1	22750012	0	22750010	22750010	0	22750010	864563	Mozilla/5.0 (Windows NT 6.1; rv:19.0) Gecko/20100101 Firefox/19.0
4	29	1	0	1	22757255	0	22757251	22757251	0	22757251	847313	Mozilla/5.0 (Windows NT 5.1; rv:20.0) Gecko/20100101 Firefox/20.0
4	10	10	0	14	22761318	0	22761318	22750919	0	22750919	48220	Mozilla/5.0 (compatible; YandexBot/3.0; +http://yandex.com/bots)
4	2	2	0	2	22762556	0	22762556	22762554	0	22762554	9644	Mozilla/4.0 (compatible; MSIE 7.0b; Windows NT 6.0)
4	129	8	1	73	22751744	22750385	22751744	22748928	22750385	22748928	1127063	Mozilla/5.0 (Windows NT 6.2; WOW64) AppleWebKit/537.31 (KHTML, like Gecko) Chrome/26.0.1410.43 Safari/537.31
4	1	1	0	0	22751051	0	0	22751051	0	0	4794	Mozilla/4.0 (compatible; MSIE 6.0; America Online Browser 1.1; rev1.5; Windows NT 5.1; SV1; .NET CLR 1.1.4322)
4	63	7	8	45	22750208	22750207	22750208	22750162	22750200	22750162	970203	Mozilla/5.0 (Macintosh; Intel Mac OS X 10_7_5) AppleWebKit/537.31 (KHTML, like Gecko) Chrome/26.0.1410.43 Safari/537.31
4	46	2	0	3	22750208	0	22750208	22750007	0	22750007	1633066	Mozilla/5.0 (Windows NT 6.1; WOW64; rv:19.0) Gecko/20100101 Firefox/19.0
4	10	1	0	0	22750209	0	0	22750209	0	0	780967	Mozilla/5.0 (compatible; MSIE 10.0; Windows NT 6.1; WOW64; Trident/6.0)
4	14	4	0	24	22751583	0	22751588	22749661	0	22749661	882739	Mozilla/5.0 (Linux; Android 4.0.3; PG86100 Build/IML74K) AppleWebKit/535.19 (KHTML, like Gecko) Chrome/18.0.1025.166 Mobile Safari/535.19
4	18	18	0	0	22759164	0	0	22751618	0	0	86796	Mozilla/5.0 (compatible; YandexBot/3.0; MirrorDetector; +http://yandex.com/bots)
4	58	6	0	25	22750224	0	22750224	22748920	0	22748920	3206672	Mozilla/5.0 (Windows NT 6.1; WOW64) AppleWebKit/537.31 (KHTML, like Gecko) Chrome/26.0.1410.43 Safari/537.31
4	41	1	0	2	22756245	0	22756152	22756152	0	22756152	861817	Mozilla/5.0 (X11; Ubuntu; Linux x86_64; rv:20.0) Gecko/20100101 Firefox/20.0
4	0	0	0	1	0	0	22760890	0	0	22760890	0	Mozilla/6.0 (Windows NT 6.2; WOW64; rv:16.0.1) Gecko/20121011 Firefox/16.0.1
4	34	2	2	20	22750223	22750191	22750223	22749812	22749812	22749812	862400	Mozilla/5.0 (Windows NT 6.2; WOW64) AppleWebKit/537.22 (KHTML, like Gecko) Chrome/25.0.1364.172 Safari/537.22
4	2	2	0	2	22758912	0	22758912	22754496	0	22754496	9588	Mozilla/4.0 (compatible; MSIE 5.5; Windows NT)
4	1	1	0	0	22751880	0	0	22751880	0	0	4794	Mozilla/5.0 (Macintosh; Intel Mac OS X 10.7; rv:14.0) Gecko/20100101 Firefox/14.0.1
5	2	2	0	0	22751880	0	0	22751880	0	0	9588	82.235.56.238
5	27	2	0	11	22750274	0	22750276	22750197	0	22750197	858999	144.35.92.62
5	34	1	0	6	22749984	0	22749984	22749983	0	22749983	841803	198.203.181.181
5	24	1	0	13	22751744	0	22751744	22751743	0	22751743	47693	144.35.90.44
5	8	1	0	2	22750168	0	22750168	22750168	0	22750168	4794	144.35.90.106
5	79	2	0	2	22750012	0	22750010	22750007	0	22750007	1722329	67.164.249.110
5	4	2	0	0	22750601	0	0	22750585	0	0	16046	208.90.57.196
5	9	1	0	1	22757400	0	22757400	22757400	0	22757400	29527	69.58.178.59
5	21	5	2	5	22762690	22753580	22762083	22753443	22753570	22753443	341399	66.249.73.50
5	1	1	0	1	22761444	0	22761442	22761444	0	22761442	4794	157.56.93.74
5	0	0	0	1	0	0	22757058	0	0	22757058	0	41.47.199.78
5	168	10	1	65	22757255	22750385	22757251	22748928	22750385	22748928	2773852	76.27.16.40
5	11	1	0	9	22751583	0	22751588	22751582	0	22751581	881707	66.87.126.247
5	1	1	0	0	22755047	0	0	22755047	0	0	4794	64.202.161.46
5	33	1	1	16	22750223	22750191	22750223	22750177	22750191	22750177	862056	144.35.90.239
5	1	1	0	0	22749533	0	0	22749533	0	0	344	208.80.194.159
5	1	1	0	0	22755048	0	0	22755048	0	0	4794	64.202.161.44
5	3	3	0	0	22753301	0	0	22750397	0	0	14550	198.186.192.44
5	1	1	0	0	22757102	0	0	22757102	0	0	4850	110.83.61.62
5	2	2	0	0	22754712	0	0	22754712	0	0	4794	216.139.245.73
5	2	2	0	2	22762556	0	22762556	22762554	0	22762554	9644	38.99.82.191
5	1	1	0	0	22751051	0	0	22751051	0	0	4794	204.68.97.132
5	1	1	0	0	22749890	0	0	22749890	0	0	384	180.110.188.104
5	1	1	1	4	22749812	22749812	22749812	22749812	22749812	22749812	344	70.196.194.91
5	1	1	0	0	22749406	0	0	22749406	0	0	344	208.80.194.150
5	1	1	0	3	22748920	0	22748920	22748920	0	22748920	348	50.8.122.31
5	38	3	0	17	22750209	0	22750209	22750201	0	22750201	2414654	144.35.90.79
5	9	1	0	2	22750224	0	22750224	22750224	0	22750224	780206	144.35.91.105
5	1	1	0	1	22762762	0	22762762	22762762	0	22762762	4850	206.183.1.74
5	1	1	0	0	22756537	0	0	22756537	0	0	4794	199.30.228.133
5	792	17	2	30	22760124	22750007	22760124	22749948	22749961	22749948	3158259	198.203.175.175
5	25	3	0	4	22750134	0	22750134	22750101	0	22750102	1558523	207.108.162.42
5	0	0	0	3	0	0	22760890	0	0	22760890	0	217.28.144.12
5	34	1	0	21	22751445	0	22751445	22751299	0	22751299	886695	70.90.212.201
5	41	1	0	2	22756245	0	22756152	22756152	0	22756152	861817	98.202.156.194
5	28	28	0	14	22761318	0	22761318	22750919	0	22750919	135016	199.21.99.102
5	63	7	8	45	22750208	22750207	22750208	22750162	22750200	22750162	970203	144.35.88.86
5	11	1	0	4	22750201	0	22750201	22750201	0	22750201	784508	144.35.128.137
5	2	2	0	0	22749428	0	0	22749428	0	0	692	38.100.21.119
5	1	1	0	1	22749112	0	22749112	22749112	0	22749112	344	78.158.11.226
5	2	2	0	2	22758912	0	22758912	22754496	0	22754496	9588	199.115.113.98
5	3	3	0	12	22749744	0	22749744	22749661	0	22749661	1032	75.169.209.7
z	0	815	1	22760124	0
z	1	8	0	22750384	8
z	2	1	0	22749960	58
z	3	28	25	22749980	14280
z	4	484	92	22762762	1987742
z	5	83	0	22762690	3937405
z	6	69	0	22762475	14076259
c	200	665	22762762
c	206	15	22750384
c	301	3	22750191
c	302	12	22753580
c	304	808	22760124
c	404	267	22762762
c	500	32	22750197
